(kicad_pcb (version 20171130) (host pcbnew "(5.1.10)-1")

  (general
    (thickness 1.6)
    (drawings 20)
    (tracks 97)
    (zones 0)
    (modules 18)
    (nets 11)
  )

  (page A4)
  (layers
    (0 F.Cu signal)
    (31 B.Cu signal)
    (32 B.Adhes user)
    (33 F.Adhes user)
    (34 B.Paste user)
    (35 F.Paste user)
    (36 B.SilkS user)
    (37 F.SilkS user)
    (38 B.Mask user)
    (39 F.Mask user)
    (40 Dwgs.User user)
    (41 Cmts.User user)
    (42 Eco1.User user)
    (43 Eco2.User user)
    (44 Edge.Cuts user)
    (45 Margin user)
    (46 B.CrtYd user)
    (47 F.CrtYd user)
    (48 B.Fab user)
    (49 F.Fab user)
  )

  (setup
    (last_trace_width 0.25)
    (user_trace_width 0.3)
    (user_trace_width 0.5)
    (trace_clearance 0.2)
    (zone_clearance 0.508)
    (zone_45_only no)
    (trace_min 0.2)
    (via_size 0.8)
    (via_drill 0.4)
    (via_min_size 0.4)
    (via_min_drill 0.3)
    (uvia_size 0.3)
    (uvia_drill 0.1)
    (uvias_allowed no)
    (uvia_min_size 0.2)
    (uvia_min_drill 0.1)
    (edge_width 0.05)
    (segment_width 0.2)
    (pcb_text_width 0.3)
    (pcb_text_size 1.5 1.5)
    (mod_edge_width 0.12)
    (mod_text_size 1 1)
    (mod_text_width 0.15)
    (pad_size 1.65 1.3)
    (pad_drill 0)
    (pad_to_mask_clearance 0)
    (aux_axis_origin 0 0)
    (visible_elements 7FFBFFFF)
    (pcbplotparams
      (layerselection 0x010fc_ffffffff)
      (usegerberextensions false)
      (usegerberattributes true)
      (usegerberadvancedattributes true)
      (creategerberjobfile true)
      (excludeedgelayer true)
      (linewidth 0.100000)
      (plotframeref false)
      (viasonmask false)
      (mode 1)
      (useauxorigin false)
      (hpglpennumber 1)
      (hpglpenspeed 20)
      (hpglpendiameter 15.000000)
      (psnegative false)
      (psa4output false)
      (plotreference true)
      (plotvalue true)
      (plotinvisibletext false)
      (padsonsilk false)
      (subtractmaskfromsilk false)
      (outputformat 1)
      (mirror false)
      (drillshape 1)
      (scaleselection 1)
      (outputdirectory ""))
  )

  (net 0 "")
  (net 1 +3V3)
  (net 2 GND)
  (net 3 "Net-(D1-Pad2)")
  (net 4 "Net-(D2-Pad2)")
  (net 5 "Net-(D3-Pad2)")
  (net 6 "Net-(D4-Pad2)")
  (net 7 "Net-(J1-Pad2)")
  (net 8 "Net-(J1-Pad3)")
  (net 9 "Net-(J1-Pad4)")
  (net 10 "Net-(J1-Pad5)")

  (net_class Default "This is the default net class."
    (clearance 0.2)
    (trace_width 0.25)
    (via_dia 0.8)
    (via_drill 0.4)
    (uvia_dia 0.3)
    (uvia_drill 0.1)
    (add_net +3V3)
    (add_net GND)
    (add_net "Net-(D1-Pad2)")
    (add_net "Net-(D2-Pad2)")
    (add_net "Net-(D3-Pad2)")
    (add_net "Net-(D4-Pad2)")
    (add_net "Net-(J1-Pad2)")
    (add_net "Net-(J1-Pad3)")
    (add_net "Net-(J1-Pad4)")
    (add_net "Net-(J1-Pad5)")
  )

  (module Capacitor_SMD:C_0603_1608Metric (layer F.Cu) (tedit 5F68FEEE) (tstamp 61FCF3AE)
    (at -4.275 -141 180)
    (descr "Capacitor SMD 0603 (1608 Metric), square (rectangular) end terminal, IPC_7351 nominal, (Body size source: IPC-SM-782 page 76, https://www.pcb-3d.com/wordpress/wp-content/uploads/ipc-sm-782a_amendment_1_and_2.pdf), generated with kicad-footprint-generator")
    (tags capacitor)
    (path /61F65727)
    (attr smd)
    (fp_text reference C1 (at 0 -1.43) (layer F.SilkS)
      (effects (font (size 1 1) (thickness 0.15)))
    )
    (fp_text value 0.1u (at 0 1.43) (layer F.Fab)
      (effects (font (size 1 1) (thickness 0.15)))
    )
    (fp_line (start 1.48 0.73) (end -1.48 0.73) (layer F.CrtYd) (width 0.05))
    (fp_line (start 1.48 -0.73) (end 1.48 0.73) (layer F.CrtYd) (width 0.05))
    (fp_line (start -1.48 -0.73) (end 1.48 -0.73) (layer F.CrtYd) (width 0.05))
    (fp_line (start -1.48 0.73) (end -1.48 -0.73) (layer F.CrtYd) (width 0.05))
    (fp_line (start -0.14058 0.51) (end 0.14058 0.51) (layer F.SilkS) (width 0.12))
    (fp_line (start -0.14058 -0.51) (end 0.14058 -0.51) (layer F.SilkS) (width 0.12))
    (fp_line (start 0.8 0.4) (end -0.8 0.4) (layer F.Fab) (width 0.1))
    (fp_line (start 0.8 -0.4) (end 0.8 0.4) (layer F.Fab) (width 0.1))
    (fp_line (start -0.8 -0.4) (end 0.8 -0.4) (layer F.Fab) (width 0.1))
    (fp_line (start -0.8 0.4) (end -0.8 -0.4) (layer F.Fab) (width 0.1))
    (fp_text user %R (at 0 0) (layer F.Fab)
      (effects (font (size 0.4 0.4) (thickness 0.06)))
    )
    (pad 2 smd roundrect (at 0.775 0 180) (size 0.9 0.95) (layers F.Cu F.Paste F.Mask) (roundrect_rratio 0.25)
      (net 2 GND))
    (pad 1 smd roundrect (at -0.775 0 180) (size 0.9 0.95) (layers F.Cu F.Paste F.Mask) (roundrect_rratio 0.25)
      (net 1 +3V3))
    (model ${KISYS3DMOD}/Capacitor_SMD.3dshapes/C_0603_1608Metric.wrl
      (at (xyz 0 0 0))
      (scale (xyz 1 1 1))
      (rotate (xyz 0 0 0))
    )
  )

  (module Diode_SMD:D_0603_1608Metric (layer B.Cu) (tedit 5F68FEF0) (tstamp 61F6FE41)
    (at -11.5 -151.564 184.3)
    (descr "Diode SMD 0603 (1608 Metric), square (rectangular) end terminal, IPC_7351 nominal, (Body size source: http://www.tortai-tech.com/upload/download/2011102023233369053.pdf), generated with kicad-footprint-generator")
    (tags diode)
    (path /61F65672)
    (attr smd)
    (fp_text reference D1 (at 0 1.43 4.3) (layer B.SilkS)
      (effects (font (size 1 1) (thickness 0.15)) (justify mirror))
    )
    (fp_text value SIR19-21C/TR8 (at 0 -1.43 4.3) (layer B.Fab)
      (effects (font (size 1 1) (thickness 0.15)) (justify mirror))
    )
    (fp_line (start 1.48 -0.73) (end -1.48 -0.73) (layer B.CrtYd) (width 0.05))
    (fp_line (start 1.48 0.73) (end 1.48 -0.73) (layer B.CrtYd) (width 0.05))
    (fp_line (start -1.48 0.73) (end 1.48 0.73) (layer B.CrtYd) (width 0.05))
    (fp_line (start -1.48 -0.73) (end -1.48 0.73) (layer B.CrtYd) (width 0.05))
    (fp_line (start -1.485 -0.735) (end 0.8 -0.735) (layer B.SilkS) (width 0.12))
    (fp_line (start -1.485 0.735) (end -1.485 -0.735) (layer B.SilkS) (width 0.12))
    (fp_line (start 0.8 0.735) (end -1.485 0.735) (layer B.SilkS) (width 0.12))
    (fp_line (start 0.8 -0.4) (end 0.8 0.4) (layer B.Fab) (width 0.1))
    (fp_line (start -0.8 -0.4) (end 0.8 -0.4) (layer B.Fab) (width 0.1))
    (fp_line (start -0.8 0.1) (end -0.8 -0.4) (layer B.Fab) (width 0.1))
    (fp_line (start -0.5 0.4) (end -0.8 0.1) (layer B.Fab) (width 0.1))
    (fp_line (start 0.8 0.4) (end -0.5 0.4) (layer B.Fab) (width 0.1))
    (fp_text user %R (at 0 0 4.3) (layer B.Fab)
      (effects (font (size 0.4 0.4) (thickness 0.06)) (justify mirror))
    )
    (pad 2 smd roundrect (at 0.7875 0 184.3) (size 0.875 0.95) (layers B.Cu B.Paste B.Mask) (roundrect_rratio 0.25)
      (net 3 "Net-(D1-Pad2)"))
    (pad 1 smd roundrect (at -0.7875 0 184.3) (size 0.875 0.95) (layers B.Cu B.Paste B.Mask) (roundrect_rratio 0.25)
      (net 2 GND))
    (model ${KISYS3DMOD}/Diode_SMD.3dshapes/D_0603_1608Metric.wrl
      (at (xyz 0 0 0))
      (scale (xyz 1 1 1))
      (rotate (xyz 0 0 0))
    )
  )

  (module Diode_SMD:D_0603_1608Metric (layer B.Cu) (tedit 5F68FEF0) (tstamp 61F917DA)
    (at -7.5 -151.815 2.8)
    (descr "Diode SMD 0603 (1608 Metric), square (rectangular) end terminal, IPC_7351 nominal, (Body size source: http://www.tortai-tech.com/upload/download/2011102023233369053.pdf), generated with kicad-footprint-generator")
    (tags diode)
    (path /61F6569A)
    (attr smd)
    (fp_text reference D2 (at 0 1.43 182.8) (layer B.SilkS)
      (effects (font (size 1 1) (thickness 0.15)) (justify mirror))
    )
    (fp_text value SIR19-21C/TR8 (at 0 -1.43 182.8) (layer B.Fab)
      (effects (font (size 1 1) (thickness 0.15)) (justify mirror))
    )
    (fp_line (start 0.8 0.4) (end -0.5 0.4) (layer B.Fab) (width 0.1))
    (fp_line (start -0.5 0.4) (end -0.8 0.1) (layer B.Fab) (width 0.1))
    (fp_line (start -0.8 0.1) (end -0.8 -0.4) (layer B.Fab) (width 0.1))
    (fp_line (start -0.8 -0.4) (end 0.8 -0.4) (layer B.Fab) (width 0.1))
    (fp_line (start 0.8 -0.4) (end 0.8 0.4) (layer B.Fab) (width 0.1))
    (fp_line (start 0.8 0.735) (end -1.485 0.735) (layer B.SilkS) (width 0.12))
    (fp_line (start -1.485 0.735) (end -1.485 -0.735) (layer B.SilkS) (width 0.12))
    (fp_line (start -1.485 -0.735) (end 0.8 -0.735) (layer B.SilkS) (width 0.12))
    (fp_line (start -1.48 -0.73) (end -1.48 0.73) (layer B.CrtYd) (width 0.05))
    (fp_line (start -1.48 0.73) (end 1.48 0.73) (layer B.CrtYd) (width 0.05))
    (fp_line (start 1.48 0.73) (end 1.48 -0.73) (layer B.CrtYd) (width 0.05))
    (fp_line (start 1.48 -0.73) (end -1.48 -0.73) (layer B.CrtYd) (width 0.05))
    (fp_text user %R (at 0 0 182.8) (layer B.Fab)
      (effects (font (size 0.4 0.4) (thickness 0.06)) (justify mirror))
    )
    (pad 1 smd roundrect (at -0.7875 0 2.8) (size 0.875 0.95) (layers B.Cu B.Paste B.Mask) (roundrect_rratio 0.25)
      (net 2 GND))
    (pad 2 smd roundrect (at 0.7875 0 2.8) (size 0.875 0.95) (layers B.Cu B.Paste B.Mask) (roundrect_rratio 0.25)
      (net 4 "Net-(D2-Pad2)"))
    (model ${KISYS3DMOD}/Diode_SMD.3dshapes/D_0603_1608Metric.wrl
      (at (xyz 0 0 0))
      (scale (xyz 1 1 1))
      (rotate (xyz 0 0 0))
    )
  )

  (module Diode_SMD:D_0603_1608Metric (layer B.Cu) (tedit 5F68FEF0) (tstamp 61F70117)
    (at 7.5 -151.815 177.1)
    (descr "Diode SMD 0603 (1608 Metric), square (rectangular) end terminal, IPC_7351 nominal, (Body size source: http://www.tortai-tech.com/upload/download/2011102023233369053.pdf), generated with kicad-footprint-generator")
    (tags diode)
    (path /61F656C2)
    (attr smd)
    (fp_text reference D3 (at 0 1.43 177.1) (layer B.SilkS)
      (effects (font (size 1 1) (thickness 0.15)) (justify mirror))
    )
    (fp_text value SIR19-21C/TR8 (at 0 -1.43 177.1) (layer B.Fab)
      (effects (font (size 1 1) (thickness 0.15)) (justify mirror))
    )
    (fp_line (start 1.48 -0.73) (end -1.48 -0.73) (layer B.CrtYd) (width 0.05))
    (fp_line (start 1.48 0.73) (end 1.48 -0.73) (layer B.CrtYd) (width 0.05))
    (fp_line (start -1.48 0.73) (end 1.48 0.73) (layer B.CrtYd) (width 0.05))
    (fp_line (start -1.48 -0.73) (end -1.48 0.73) (layer B.CrtYd) (width 0.05))
    (fp_line (start -1.485 -0.735) (end 0.8 -0.735) (layer B.SilkS) (width 0.12))
    (fp_line (start -1.485 0.735) (end -1.485 -0.735) (layer B.SilkS) (width 0.12))
    (fp_line (start 0.8 0.735) (end -1.485 0.735) (layer B.SilkS) (width 0.12))
    (fp_line (start 0.8 -0.4) (end 0.8 0.4) (layer B.Fab) (width 0.1))
    (fp_line (start -0.8 -0.4) (end 0.8 -0.4) (layer B.Fab) (width 0.1))
    (fp_line (start -0.8 0.1) (end -0.8 -0.4) (layer B.Fab) (width 0.1))
    (fp_line (start -0.5 0.4) (end -0.8 0.1) (layer B.Fab) (width 0.1))
    (fp_line (start 0.8 0.4) (end -0.5 0.4) (layer B.Fab) (width 0.1))
    (fp_text user %R (at 0 0 177.1) (layer B.Fab)
      (effects (font (size 0.4 0.4) (thickness 0.06)) (justify mirror))
    )
    (pad 2 smd roundrect (at 0.7875 0 177.1) (size 0.875 0.95) (layers B.Cu B.Paste B.Mask) (roundrect_rratio 0.25)
      (net 5 "Net-(D3-Pad2)"))
    (pad 1 smd roundrect (at -0.7875 0 177.1) (size 0.875 0.95) (layers B.Cu B.Paste B.Mask) (roundrect_rratio 0.25)
      (net 2 GND))
    (model ${KISYS3DMOD}/Diode_SMD.3dshapes/D_0603_1608Metric.wrl
      (at (xyz 0 0 0))
      (scale (xyz 1 1 1))
      (rotate (xyz 0 0 0))
    )
  )

  (module Diode_SMD:D_0603_1608Metric (layer B.Cu) (tedit 5F68FEF0) (tstamp 61F70986)
    (at 11.5 -151.564 355.6)
    (descr "Diode SMD 0603 (1608 Metric), square (rectangular) end terminal, IPC_7351 nominal, (Body size source: http://www.tortai-tech.com/upload/download/2011102023233369053.pdf), generated with kicad-footprint-generator")
    (tags diode)
    (path /61F656EA)
    (attr smd)
    (fp_text reference D4 (at 0 1.43 175.6) (layer B.SilkS)
      (effects (font (size 1 1) (thickness 0.15)) (justify mirror))
    )
    (fp_text value SIR19-21C/TR8 (at 0 -1.43 175.6) (layer B.Fab)
      (effects (font (size 1 1) (thickness 0.15)) (justify mirror))
    )
    (fp_line (start 0.8 0.4) (end -0.5 0.4) (layer B.Fab) (width 0.1))
    (fp_line (start -0.5 0.4) (end -0.8 0.1) (layer B.Fab) (width 0.1))
    (fp_line (start -0.8 0.1) (end -0.8 -0.4) (layer B.Fab) (width 0.1))
    (fp_line (start -0.8 -0.4) (end 0.8 -0.4) (layer B.Fab) (width 0.1))
    (fp_line (start 0.8 -0.4) (end 0.8 0.4) (layer B.Fab) (width 0.1))
    (fp_line (start 0.8 0.735) (end -1.485 0.735) (layer B.SilkS) (width 0.12))
    (fp_line (start -1.485 0.735) (end -1.485 -0.735) (layer B.SilkS) (width 0.12))
    (fp_line (start -1.485 -0.735) (end 0.8 -0.735) (layer B.SilkS) (width 0.12))
    (fp_line (start -1.48 -0.73) (end -1.48 0.73) (layer B.CrtYd) (width 0.05))
    (fp_line (start -1.48 0.73) (end 1.48 0.73) (layer B.CrtYd) (width 0.05))
    (fp_line (start 1.48 0.73) (end 1.48 -0.73) (layer B.CrtYd) (width 0.05))
    (fp_line (start 1.48 -0.73) (end -1.48 -0.73) (layer B.CrtYd) (width 0.05))
    (fp_text user %R (at 0 0 175.6) (layer B.Fab)
      (effects (font (size 0.4 0.4) (thickness 0.06)) (justify mirror))
    )
    (pad 1 smd roundrect (at -0.7875 0 355.6) (size 0.875 0.95) (layers B.Cu B.Paste B.Mask) (roundrect_rratio 0.25)
      (net 2 GND))
    (pad 2 smd roundrect (at 0.7875 0 355.6) (size 0.875 0.95) (layers B.Cu B.Paste B.Mask) (roundrect_rratio 0.25)
      (net 6 "Net-(D4-Pad2)"))
    (model ${KISYS3DMOD}/Diode_SMD.3dshapes/D_0603_1608Metric.wrl
      (at (xyz 0 0 0))
      (scale (xyz 1 1 1))
      (rotate (xyz 0 0 0))
    )
  )

  (module FFC:Molex_0545480671_01x06_P0.5mm (layer F.Cu) (tedit 61FCF269) (tstamp 61F70047)
    (at 0 -138)
    (path /61F6570C)
    (attr smd)
    (fp_text reference J1 (at 0 -3.16667) (layer F.SilkS)
      (effects (font (size 1 1) (thickness 0.15)))
    )
    (fp_text value FFC6 (at 0 1.583335) (layer F.Fab)
      (effects (font (size 1 1) (thickness 0.15)))
    )
    (fp_line (start -4 -1.75) (end -4 -0.75) (layer F.SilkS) (width 0.12))
    (fp_line (start 4 -1.75) (end -4 -1.75) (layer F.SilkS) (width 0.12))
    (fp_line (start 4 -0.75) (end 4 -1.75) (layer F.SilkS) (width 0.12))
    (pad 6 smd rect (at 1.25 -2 90) (size 1 0.3) (layers F.Cu F.Paste F.Mask)
      (net 2 GND))
    (pad 5 smd rect (at 0.75 -2 90) (size 1 0.3) (layers F.Cu F.Paste F.Mask)
      (net 10 "Net-(J1-Pad5)"))
    (pad 4 smd rect (at 0.25 -2 90) (size 1 0.3) (layers F.Cu F.Paste F.Mask)
      (net 9 "Net-(J1-Pad4)"))
    (pad 3 smd rect (at -0.25 -2 90) (size 1 0.3) (layers F.Cu F.Paste F.Mask)
      (net 8 "Net-(J1-Pad3)"))
    (pad 2 smd rect (at -0.75 -2 90) (size 1 0.3) (layers F.Cu F.Paste F.Mask)
      (net 7 "Net-(J1-Pad2)"))
    (pad 1 smd rect (at -1.25 -2 90) (size 1 0.3) (layers F.Cu F.Paste F.Mask)
      (net 1 +3V3))
    (pad MP smd rect (at 3.525 0) (size 1.65 1.3) (layers F.Cu F.Paste F.Mask)
      (net 2 GND))
    (pad MP smd rect (at -3.525 0) (size 1.65 1.3) (layers F.Cu F.Paste F.Mask)
      (net 2 GND))
  )

  (module TEMT7100X01:TEMT7100X01 (layer B.Cu) (tedit 61E142E7) (tstamp 61F70021)
    (at -11.5 -149.559 4.3)
    (path /61F6566C)
    (attr smd)
    (fp_text reference Q1 (at 0 -1.875 184.3) (layer B.SilkS)
      (effects (font (size 1 1) (thickness 0.15)) (justify mirror))
    )
    (fp_text value TEMT7100X01 (at 0 1.875 184.3) (layer B.Fab)
      (effects (font (size 1 1) (thickness 0.15)) (justify mirror))
    )
    (fp_line (start 1.5625 -0.9375) (end -0.625 -0.9375) (layer B.SilkS) (width 0.12))
    (fp_line (start 1.5625 0.9375) (end 1.5625 -0.9375) (layer B.SilkS) (width 0.12))
    (fp_line (start -0.625 0.9375) (end 1.5625 0.9375) (layer B.SilkS) (width 0.12))
    (fp_line (start -0.82 0.625) (end -0.82 -0.625) (layer B.CrtYd) (width 0.12))
    (fp_line (start -0.82 -0.625) (end 0.82 -0.625) (layer B.CrtYd) (width 0.12))
    (fp_line (start 0.82 -0.625) (end 0.82 0.625) (layer B.CrtYd) (width 0.12))
    (fp_line (start 0.82 0.625) (end -0.82 0.625) (layer B.CrtYd) (width 0.12))
    (pad 1 smd rect (at -0.8 0 4.3) (size 1 1.45) (layers B.Cu B.Paste B.Mask)
      (net 7 "Net-(J1-Pad2)"))
    (pad 2 smd rect (at 0.8 0 4.3) (size 1 1.45) (layers B.Cu B.Paste B.Mask)
      (net 2 GND))
    (model ${GITLOCAL}/module/packages3d/TEMT7100X01.3dshapes/TEMT7100X01.step
      (at (xyz 0 0 0))
      (scale (xyz 1 1 1))
      (rotate (xyz 0 0 0))
    )
  )

  (module TEMT7100X01:TEMT7100X01 (layer B.Cu) (tedit 61E142E7) (tstamp 61F700B7)
    (at -7.5 -149.812 182.8)
    (path /61F65694)
    (attr smd)
    (fp_text reference Q2 (at 0 -1.875 182.8) (layer B.SilkS)
      (effects (font (size 1 1) (thickness 0.15)) (justify mirror))
    )
    (fp_text value TEMT7100X01 (at 0 1.875 182.8) (layer B.Fab)
      (effects (font (size 1 1) (thickness 0.15)) (justify mirror))
    )
    (fp_line (start 0.82 0.625) (end -0.82 0.625) (layer B.CrtYd) (width 0.12))
    (fp_line (start 0.82 -0.625) (end 0.82 0.625) (layer B.CrtYd) (width 0.12))
    (fp_line (start -0.82 -0.625) (end 0.82 -0.625) (layer B.CrtYd) (width 0.12))
    (fp_line (start -0.82 0.625) (end -0.82 -0.625) (layer B.CrtYd) (width 0.12))
    (fp_line (start -0.625 0.9375) (end 1.5625 0.9375) (layer B.SilkS) (width 0.12))
    (fp_line (start 1.5625 0.9375) (end 1.5625 -0.9375) (layer B.SilkS) (width 0.12))
    (fp_line (start 1.5625 -0.9375) (end -0.625 -0.9375) (layer B.SilkS) (width 0.12))
    (pad 2 smd rect (at 0.8 0 182.8) (size 1 1.45) (layers B.Cu B.Paste B.Mask)
      (net 2 GND))
    (pad 1 smd rect (at -0.8 0 182.8) (size 1 1.45) (layers B.Cu B.Paste B.Mask)
      (net 8 "Net-(J1-Pad3)"))
    (model ${GITLOCAL}/module/packages3d/TEMT7100X01.3dshapes/TEMT7100X01.step
      (at (xyz 0 0 0))
      (scale (xyz 1 1 1))
      (rotate (xyz 0 0 0))
    )
  )

  (module TEMT7100X01:TEMT7100X01 (layer B.Cu) (tedit 61E142E7) (tstamp 61F70093)
    (at 7.5 -149.812 357.1)
    (path /61F656BC)
    (attr smd)
    (fp_text reference Q3 (at 0 -1.875 357.1) (layer B.SilkS)
      (effects (font (size 1 1) (thickness 0.15)) (justify mirror))
    )
    (fp_text value TEMT7100X01 (at 0 1.875 357.1) (layer B.Fab)
      (effects (font (size 1 1) (thickness 0.15)) (justify mirror))
    )
    (fp_line (start 1.5625 -0.9375) (end -0.625 -0.9375) (layer B.SilkS) (width 0.12))
    (fp_line (start 1.5625 0.9375) (end 1.5625 -0.9375) (layer B.SilkS) (width 0.12))
    (fp_line (start -0.625 0.9375) (end 1.5625 0.9375) (layer B.SilkS) (width 0.12))
    (fp_line (start -0.82 0.625) (end -0.82 -0.625) (layer B.CrtYd) (width 0.12))
    (fp_line (start -0.82 -0.625) (end 0.82 -0.625) (layer B.CrtYd) (width 0.12))
    (fp_line (start 0.82 -0.625) (end 0.82 0.625) (layer B.CrtYd) (width 0.12))
    (fp_line (start 0.82 0.625) (end -0.82 0.625) (layer B.CrtYd) (width 0.12))
    (pad 1 smd rect (at -0.8 0 357.1) (size 1 1.45) (layers B.Cu B.Paste B.Mask)
      (net 9 "Net-(J1-Pad4)"))
    (pad 2 smd rect (at 0.8 0 357.1) (size 1 1.45) (layers B.Cu B.Paste B.Mask)
      (net 2 GND))
    (model ${GITLOCAL}/module/packages3d/TEMT7100X01.3dshapes/TEMT7100X01.step
      (at (xyz 0 0 0))
      (scale (xyz 1 1 1))
      (rotate (xyz 0 0 0))
    )
  )

  (module TEMT7100X01:TEMT7100X01 (layer B.Cu) (tedit 61E142E7) (tstamp 61F7006F)
    (at 11.5 -149.559 175.6)
    (path /61F656E4)
    (attr smd)
    (fp_text reference Q4 (at 0 -1.875 355.6) (layer B.SilkS)
      (effects (font (size 1 1) (thickness 0.15)) (justify mirror))
    )
    (fp_text value TEMT7100X01 (at 0 1.875 355.6) (layer B.Fab)
      (effects (font (size 1 1) (thickness 0.15)) (justify mirror))
    )
    (fp_line (start 0.82 0.625) (end -0.82 0.625) (layer B.CrtYd) (width 0.12))
    (fp_line (start 0.82 -0.625) (end 0.82 0.625) (layer B.CrtYd) (width 0.12))
    (fp_line (start -0.82 -0.625) (end 0.82 -0.625) (layer B.CrtYd) (width 0.12))
    (fp_line (start -0.82 0.625) (end -0.82 -0.625) (layer B.CrtYd) (width 0.12))
    (fp_line (start -0.625 0.9375) (end 1.5625 0.9375) (layer B.SilkS) (width 0.12))
    (fp_line (start 1.5625 0.9375) (end 1.5625 -0.9375) (layer B.SilkS) (width 0.12))
    (fp_line (start 1.5625 -0.9375) (end -0.625 -0.9375) (layer B.SilkS) (width 0.12))
    (pad 2 smd rect (at 0.8 0 175.6) (size 1 1.45) (layers B.Cu B.Paste B.Mask)
      (net 2 GND))
    (pad 1 smd rect (at -0.8 0 175.6) (size 1 1.45) (layers B.Cu B.Paste B.Mask)
      (net 10 "Net-(J1-Pad5)"))
    (model ${GITLOCAL}/module/packages3d/TEMT7100X01.3dshapes/TEMT7100X01.step
      (at (xyz 0 0 0))
      (scale (xyz 1 1 1))
      (rotate (xyz 0 0 0))
    )
  )

  (module Resistor_SMD:R_0603_1608Metric (layer F.Cu) (tedit 5F68FEEE) (tstamp 61F6FF05)
    (at -17 -149.034 6.5)
    (descr "Resistor SMD 0603 (1608 Metric), square (rectangular) end terminal, IPC_7351 nominal, (Body size source: IPC-SM-782 page 72, https://www.pcb-3d.com/wordpress/wp-content/uploads/ipc-sm-782a_amendment_1_and_2.pdf), generated with kicad-footprint-generator")
    (tags resistor)
    (path /61F6573B)
    (attr smd)
    (fp_text reference R1 (at 0 -1.43 6.5) (layer F.SilkS)
      (effects (font (size 1 1) (thickness 0.15)))
    )
    (fp_text value 10k (at 0 1.43 6.5) (layer F.Fab)
      (effects (font (size 1 1) (thickness 0.15)))
    )
    (fp_line (start 1.48 0.73) (end -1.48 0.73) (layer F.CrtYd) (width 0.05))
    (fp_line (start 1.48 -0.73) (end 1.48 0.73) (layer F.CrtYd) (width 0.05))
    (fp_line (start -1.48 -0.73) (end 1.48 -0.73) (layer F.CrtYd) (width 0.05))
    (fp_line (start -1.48 0.73) (end -1.48 -0.73) (layer F.CrtYd) (width 0.05))
    (fp_line (start -0.237258 0.5225) (end 0.237258 0.5225) (layer F.SilkS) (width 0.12))
    (fp_line (start -0.237258 -0.5225) (end 0.237258 -0.5225) (layer F.SilkS) (width 0.12))
    (fp_line (start 0.8 0.4125) (end -0.8 0.4125) (layer F.Fab) (width 0.1))
    (fp_line (start 0.8 -0.4125) (end 0.8 0.4125) (layer F.Fab) (width 0.1))
    (fp_line (start -0.8 -0.4125) (end 0.8 -0.4125) (layer F.Fab) (width 0.1))
    (fp_line (start -0.8 0.4125) (end -0.8 -0.4125) (layer F.Fab) (width 0.1))
    (fp_text user %R (at 0 0 6.5) (layer F.Fab)
      (effects (font (size 0.4 0.4) (thickness 0.06)))
    )
    (pad 2 smd roundrect (at 0.825 0 6.5) (size 0.8 0.95) (layers F.Cu F.Paste F.Mask) (roundrect_rratio 0.25)
      (net 7 "Net-(J1-Pad2)"))
    (pad 1 smd roundrect (at -0.825 0 6.5) (size 0.8 0.95) (layers F.Cu F.Paste F.Mask) (roundrect_rratio 0.25)
      (net 1 +3V3))
    (model ${KISYS3DMOD}/Resistor_SMD.3dshapes/R_0603_1608Metric.wrl
      (at (xyz 0 0 0))
      (scale (xyz 1 1 1))
      (rotate (xyz 0 0 0))
    )
  )

  (module Resistor_SMD:R_0603_1608Metric (layer F.Cu) (tedit 5F68FEEE) (tstamp 61F6FED5)
    (at -2 -149.987 180.7)
    (descr "Resistor SMD 0603 (1608 Metric), square (rectangular) end terminal, IPC_7351 nominal, (Body size source: IPC-SM-782 page 72, https://www.pcb-3d.com/wordpress/wp-content/uploads/ipc-sm-782a_amendment_1_and_2.pdf), generated with kicad-footprint-generator")
    (tags resistor)
    (path /61F6574A)
    (attr smd)
    (fp_text reference R2 (at 0 -1.43 0.7) (layer F.SilkS)
      (effects (font (size 1 1) (thickness 0.15)))
    )
    (fp_text value 10k (at 0 1.43 0.7) (layer F.Fab)
      (effects (font (size 1 1) (thickness 0.15)))
    )
    (fp_line (start 1.48 0.73) (end -1.48 0.73) (layer F.CrtYd) (width 0.05))
    (fp_line (start 1.48 -0.73) (end 1.48 0.73) (layer F.CrtYd) (width 0.05))
    (fp_line (start -1.48 -0.73) (end 1.48 -0.73) (layer F.CrtYd) (width 0.05))
    (fp_line (start -1.48 0.73) (end -1.48 -0.73) (layer F.CrtYd) (width 0.05))
    (fp_line (start -0.237258 0.5225) (end 0.237258 0.5225) (layer F.SilkS) (width 0.12))
    (fp_line (start -0.237258 -0.5225) (end 0.237258 -0.5225) (layer F.SilkS) (width 0.12))
    (fp_line (start 0.8 0.4125) (end -0.8 0.4125) (layer F.Fab) (width 0.1))
    (fp_line (start 0.8 -0.4125) (end 0.8 0.4125) (layer F.Fab) (width 0.1))
    (fp_line (start -0.8 -0.4125) (end 0.8 -0.4125) (layer F.Fab) (width 0.1))
    (fp_line (start -0.8 0.4125) (end -0.8 -0.4125) (layer F.Fab) (width 0.1))
    (fp_text user %R (at 0 0 0.7) (layer F.Fab)
      (effects (font (size 0.4 0.4) (thickness 0.06)))
    )
    (pad 2 smd roundrect (at 0.825 0 180.7) (size 0.8 0.95) (layers F.Cu F.Paste F.Mask) (roundrect_rratio 0.25)
      (net 8 "Net-(J1-Pad3)"))
    (pad 1 smd roundrect (at -0.825 0 180.7) (size 0.8 0.95) (layers F.Cu F.Paste F.Mask) (roundrect_rratio 0.25)
      (net 1 +3V3))
    (model ${KISYS3DMOD}/Resistor_SMD.3dshapes/R_0603_1608Metric.wrl
      (at (xyz 0 0 0))
      (scale (xyz 1 1 1))
      (rotate (xyz 0 0 0))
    )
  )

  (module Resistor_SMD:R_0603_1608Metric (layer F.Cu) (tedit 5F68FEEE) (tstamp 61F70A2C)
    (at 2 -149.987 359.2)
    (descr "Resistor SMD 0603 (1608 Metric), square (rectangular) end terminal, IPC_7351 nominal, (Body size source: IPC-SM-782 page 72, https://www.pcb-3d.com/wordpress/wp-content/uploads/ipc-sm-782a_amendment_1_and_2.pdf), generated with kicad-footprint-generator")
    (tags resistor)
    (path /61F65757)
    (attr smd)
    (fp_text reference R3 (at 0 -1.43 179.2) (layer F.SilkS)
      (effects (font (size 1 1) (thickness 0.15)))
    )
    (fp_text value 10k (at 0 1.43 179.2) (layer F.Fab)
      (effects (font (size 1 1) (thickness 0.15)))
    )
    (fp_line (start -0.8 0.4125) (end -0.8 -0.4125) (layer F.Fab) (width 0.1))
    (fp_line (start -0.8 -0.4125) (end 0.8 -0.4125) (layer F.Fab) (width 0.1))
    (fp_line (start 0.8 -0.4125) (end 0.8 0.4125) (layer F.Fab) (width 0.1))
    (fp_line (start 0.8 0.4125) (end -0.8 0.4125) (layer F.Fab) (width 0.1))
    (fp_line (start -0.237258 -0.5225) (end 0.237258 -0.5225) (layer F.SilkS) (width 0.12))
    (fp_line (start -0.237258 0.5225) (end 0.237258 0.5225) (layer F.SilkS) (width 0.12))
    (fp_line (start -1.48 0.73) (end -1.48 -0.73) (layer F.CrtYd) (width 0.05))
    (fp_line (start -1.48 -0.73) (end 1.48 -0.73) (layer F.CrtYd) (width 0.05))
    (fp_line (start 1.48 -0.73) (end 1.48 0.73) (layer F.CrtYd) (width 0.05))
    (fp_line (start 1.48 0.73) (end -1.48 0.73) (layer F.CrtYd) (width 0.05))
    (fp_text user %R (at 0 0 179.2) (layer F.Fab)
      (effects (font (size 0.4 0.4) (thickness 0.06)))
    )
    (pad 1 smd roundrect (at -0.825 0 359.2) (size 0.8 0.95) (layers F.Cu F.Paste F.Mask) (roundrect_rratio 0.25)
      (net 1 +3V3))
    (pad 2 smd roundrect (at 0.825 0 359.2) (size 0.8 0.95) (layers F.Cu F.Paste F.Mask) (roundrect_rratio 0.25)
      (net 9 "Net-(J1-Pad4)"))
    (model ${KISYS3DMOD}/Resistor_SMD.3dshapes/R_0603_1608Metric.wrl
      (at (xyz 0 0 0))
      (scale (xyz 1 1 1))
      (rotate (xyz 0 0 0))
    )
  )

  (module Resistor_SMD:R_0603_1608Metric (layer F.Cu) (tedit 5F68FEEE) (tstamp 61F6FF35)
    (at 17 -149.034 173.4)
    (descr "Resistor SMD 0603 (1608 Metric), square (rectangular) end terminal, IPC_7351 nominal, (Body size source: IPC-SM-782 page 72, https://www.pcb-3d.com/wordpress/wp-content/uploads/ipc-sm-782a_amendment_1_and_2.pdf), generated with kicad-footprint-generator")
    (tags resistor)
    (path /61F65764)
    (attr smd)
    (fp_text reference R4 (at 0 -1.43 173.4) (layer F.SilkS)
      (effects (font (size 1 1) (thickness 0.15)))
    )
    (fp_text value 10k (at 0 1.43 173.4) (layer F.Fab)
      (effects (font (size 1 1) (thickness 0.15)))
    )
    (fp_line (start 1.48 0.73) (end -1.48 0.73) (layer F.CrtYd) (width 0.05))
    (fp_line (start 1.48 -0.73) (end 1.48 0.73) (layer F.CrtYd) (width 0.05))
    (fp_line (start -1.48 -0.73) (end 1.48 -0.73) (layer F.CrtYd) (width 0.05))
    (fp_line (start -1.48 0.73) (end -1.48 -0.73) (layer F.CrtYd) (width 0.05))
    (fp_line (start -0.237258 0.5225) (end 0.237258 0.5225) (layer F.SilkS) (width 0.12))
    (fp_line (start -0.237258 -0.5225) (end 0.237258 -0.5225) (layer F.SilkS) (width 0.12))
    (fp_line (start 0.8 0.4125) (end -0.8 0.4125) (layer F.Fab) (width 0.1))
    (fp_line (start 0.8 -0.4125) (end 0.8 0.4125) (layer F.Fab) (width 0.1))
    (fp_line (start -0.8 -0.4125) (end 0.8 -0.4125) (layer F.Fab) (width 0.1))
    (fp_line (start -0.8 0.4125) (end -0.8 -0.4125) (layer F.Fab) (width 0.1))
    (fp_text user %R (at 0 0 173.4) (layer F.Fab)
      (effects (font (size 0.4 0.4) (thickness 0.06)))
    )
    (pad 2 smd roundrect (at 0.825 0 173.4) (size 0.8 0.95) (layers F.Cu F.Paste F.Mask) (roundrect_rratio 0.25)
      (net 10 "Net-(J1-Pad5)"))
    (pad 1 smd roundrect (at -0.825 0 173.4) (size 0.8 0.95) (layers F.Cu F.Paste F.Mask) (roundrect_rratio 0.25)
      (net 1 +3V3))
    (model ${KISYS3DMOD}/Resistor_SMD.3dshapes/R_0603_1608Metric.wrl
      (at (xyz 0 0 0))
      (scale (xyz 1 1 1))
      (rotate (xyz 0 0 0))
    )
  )

  (module Resistor_SMD:R_0603_1608Metric (layer F.Cu) (tedit 5F68FEEE) (tstamp 61F6FE75)
    (at -17 -151.046 6.4)
    (descr "Resistor SMD 0603 (1608 Metric), square (rectangular) end terminal, IPC_7351 nominal, (Body size source: IPC-SM-782 page 72, https://www.pcb-3d.com/wordpress/wp-content/uploads/ipc-sm-782a_amendment_1_and_2.pdf), generated with kicad-footprint-generator")
    (tags resistor)
    (path /61F6567E)
    (attr smd)
    (fp_text reference R5 (at 0 -1.43 6.4) (layer F.SilkS)
      (effects (font (size 1 1) (thickness 0.15)))
    )
    (fp_text value 100 (at 0 1.43 6.4) (layer F.Fab)
      (effects (font (size 1 1) (thickness 0.15)))
    )
    (fp_line (start 1.48 0.73) (end -1.48 0.73) (layer F.CrtYd) (width 0.05))
    (fp_line (start 1.48 -0.73) (end 1.48 0.73) (layer F.CrtYd) (width 0.05))
    (fp_line (start -1.48 -0.73) (end 1.48 -0.73) (layer F.CrtYd) (width 0.05))
    (fp_line (start -1.48 0.73) (end -1.48 -0.73) (layer F.CrtYd) (width 0.05))
    (fp_line (start -0.237258 0.5225) (end 0.237258 0.5225) (layer F.SilkS) (width 0.12))
    (fp_line (start -0.237258 -0.5225) (end 0.237258 -0.5225) (layer F.SilkS) (width 0.12))
    (fp_line (start 0.8 0.4125) (end -0.8 0.4125) (layer F.Fab) (width 0.1))
    (fp_line (start 0.8 -0.4125) (end 0.8 0.4125) (layer F.Fab) (width 0.1))
    (fp_line (start -0.8 -0.4125) (end 0.8 -0.4125) (layer F.Fab) (width 0.1))
    (fp_line (start -0.8 0.4125) (end -0.8 -0.4125) (layer F.Fab) (width 0.1))
    (fp_text user %R (at 0 0 6.4) (layer F.Fab)
      (effects (font (size 0.4 0.4) (thickness 0.06)))
    )
    (pad 2 smd roundrect (at 0.825 0 6.4) (size 0.8 0.95) (layers F.Cu F.Paste F.Mask) (roundrect_rratio 0.25)
      (net 3 "Net-(D1-Pad2)"))
    (pad 1 smd roundrect (at -0.825 0 6.4) (size 0.8 0.95) (layers F.Cu F.Paste F.Mask) (roundrect_rratio 0.25)
      (net 1 +3V3))
    (model ${KISYS3DMOD}/Resistor_SMD.3dshapes/R_0603_1608Metric.wrl
      (at (xyz 0 0 0))
      (scale (xyz 1 1 1))
      (rotate (xyz 0 0 0))
    )
  )

  (module Resistor_SMD:R_0603_1608Metric (layer F.Cu) (tedit 5F68FEEE) (tstamp 61F6FEA5)
    (at -2 -151.987 179.2)
    (descr "Resistor SMD 0603 (1608 Metric), square (rectangular) end terminal, IPC_7351 nominal, (Body size source: IPC-SM-782 page 72, https://www.pcb-3d.com/wordpress/wp-content/uploads/ipc-sm-782a_amendment_1_and_2.pdf), generated with kicad-footprint-generator")
    (tags resistor)
    (path /61F656A6)
    (attr smd)
    (fp_text reference R6 (at 0 -1.43 179.2) (layer F.SilkS)
      (effects (font (size 1 1) (thickness 0.15)))
    )
    (fp_text value 100 (at 0 1.43 179.2) (layer F.Fab)
      (effects (font (size 1 1) (thickness 0.15)))
    )
    (fp_line (start -0.8 0.4125) (end -0.8 -0.4125) (layer F.Fab) (width 0.1))
    (fp_line (start -0.8 -0.4125) (end 0.8 -0.4125) (layer F.Fab) (width 0.1))
    (fp_line (start 0.8 -0.4125) (end 0.8 0.4125) (layer F.Fab) (width 0.1))
    (fp_line (start 0.8 0.4125) (end -0.8 0.4125) (layer F.Fab) (width 0.1))
    (fp_line (start -0.237258 -0.5225) (end 0.237258 -0.5225) (layer F.SilkS) (width 0.12))
    (fp_line (start -0.237258 0.5225) (end 0.237258 0.5225) (layer F.SilkS) (width 0.12))
    (fp_line (start -1.48 0.73) (end -1.48 -0.73) (layer F.CrtYd) (width 0.05))
    (fp_line (start -1.48 -0.73) (end 1.48 -0.73) (layer F.CrtYd) (width 0.05))
    (fp_line (start 1.48 -0.73) (end 1.48 0.73) (layer F.CrtYd) (width 0.05))
    (fp_line (start 1.48 0.73) (end -1.48 0.73) (layer F.CrtYd) (width 0.05))
    (fp_text user %R (at 0 0 179.2) (layer F.Fab)
      (effects (font (size 0.4 0.4) (thickness 0.06)))
    )
    (pad 1 smd roundrect (at -0.825 0 179.2) (size 0.8 0.95) (layers F.Cu F.Paste F.Mask) (roundrect_rratio 0.25)
      (net 1 +3V3))
    (pad 2 smd roundrect (at 0.825 0 179.2) (size 0.8 0.95) (layers F.Cu F.Paste F.Mask) (roundrect_rratio 0.25)
      (net 4 "Net-(D2-Pad2)"))
    (model ${KISYS3DMOD}/Resistor_SMD.3dshapes/R_0603_1608Metric.wrl
      (at (xyz 0 0 0))
      (scale (xyz 1 1 1))
      (rotate (xyz 0 0 0))
    )
  )

  (module Resistor_SMD:R_0603_1608Metric (layer F.Cu) (tedit 5F68FEEE) (tstamp 61F6FF65)
    (at 2 -151.987 359.2)
    (descr "Resistor SMD 0603 (1608 Metric), square (rectangular) end terminal, IPC_7351 nominal, (Body size source: IPC-SM-782 page 72, https://www.pcb-3d.com/wordpress/wp-content/uploads/ipc-sm-782a_amendment_1_and_2.pdf), generated with kicad-footprint-generator")
    (tags resistor)
    (path /61F656CE)
    (attr smd)
    (fp_text reference R7 (at 0 -1.43 179.2) (layer F.SilkS)
      (effects (font (size 1 1) (thickness 0.15)))
    )
    (fp_text value 100 (at 0 1.43 179.2) (layer F.Fab)
      (effects (font (size 1 1) (thickness 0.15)))
    )
    (fp_line (start 1.48 0.73) (end -1.48 0.73) (layer F.CrtYd) (width 0.05))
    (fp_line (start 1.48 -0.73) (end 1.48 0.73) (layer F.CrtYd) (width 0.05))
    (fp_line (start -1.48 -0.73) (end 1.48 -0.73) (layer F.CrtYd) (width 0.05))
    (fp_line (start -1.48 0.73) (end -1.48 -0.73) (layer F.CrtYd) (width 0.05))
    (fp_line (start -0.237258 0.5225) (end 0.237258 0.5225) (layer F.SilkS) (width 0.12))
    (fp_line (start -0.237258 -0.5225) (end 0.237258 -0.5225) (layer F.SilkS) (width 0.12))
    (fp_line (start 0.8 0.4125) (end -0.8 0.4125) (layer F.Fab) (width 0.1))
    (fp_line (start 0.8 -0.4125) (end 0.8 0.4125) (layer F.Fab) (width 0.1))
    (fp_line (start -0.8 -0.4125) (end 0.8 -0.4125) (layer F.Fab) (width 0.1))
    (fp_line (start -0.8 0.4125) (end -0.8 -0.4125) (layer F.Fab) (width 0.1))
    (fp_text user %R (at 0 0 179.2) (layer F.Fab)
      (effects (font (size 0.4 0.4) (thickness 0.06)))
    )
    (pad 2 smd roundrect (at 0.825 0 359.2) (size 0.8 0.95) (layers F.Cu F.Paste F.Mask) (roundrect_rratio 0.25)
      (net 5 "Net-(D3-Pad2)"))
    (pad 1 smd roundrect (at -0.825 0 359.2) (size 0.8 0.95) (layers F.Cu F.Paste F.Mask) (roundrect_rratio 0.25)
      (net 1 +3V3))
    (model ${KISYS3DMOD}/Resistor_SMD.3dshapes/R_0603_1608Metric.wrl
      (at (xyz 0 0 0))
      (scale (xyz 1 1 1))
      (rotate (xyz 0 0 0))
    )
  )

  (module Resistor_SMD:R_0603_1608Metric (layer F.Cu) (tedit 5F68FEEE) (tstamp 61F6FF95)
    (at 17 -151.046 173.5)
    (descr "Resistor SMD 0603 (1608 Metric), square (rectangular) end terminal, IPC_7351 nominal, (Body size source: IPC-SM-782 page 72, https://www.pcb-3d.com/wordpress/wp-content/uploads/ipc-sm-782a_amendment_1_and_2.pdf), generated with kicad-footprint-generator")
    (tags resistor)
    (path /61F656F6)
    (attr smd)
    (fp_text reference R8 (at 0 -1.43 173.5) (layer F.SilkS)
      (effects (font (size 1 1) (thickness 0.15)))
    )
    (fp_text value 100 (at 0 1.43 173.5) (layer F.Fab)
      (effects (font (size 1 1) (thickness 0.15)))
    )
    (fp_line (start -0.8 0.4125) (end -0.8 -0.4125) (layer F.Fab) (width 0.1))
    (fp_line (start -0.8 -0.4125) (end 0.8 -0.4125) (layer F.Fab) (width 0.1))
    (fp_line (start 0.8 -0.4125) (end 0.8 0.4125) (layer F.Fab) (width 0.1))
    (fp_line (start 0.8 0.4125) (end -0.8 0.4125) (layer F.Fab) (width 0.1))
    (fp_line (start -0.237258 -0.5225) (end 0.237258 -0.5225) (layer F.SilkS) (width 0.12))
    (fp_line (start -0.237258 0.5225) (end 0.237258 0.5225) (layer F.SilkS) (width 0.12))
    (fp_line (start -1.48 0.73) (end -1.48 -0.73) (layer F.CrtYd) (width 0.05))
    (fp_line (start -1.48 -0.73) (end 1.48 -0.73) (layer F.CrtYd) (width 0.05))
    (fp_line (start 1.48 -0.73) (end 1.48 0.73) (layer F.CrtYd) (width 0.05))
    (fp_line (start 1.48 0.73) (end -1.48 0.73) (layer F.CrtYd) (width 0.05))
    (fp_text user %R (at 0 0 173.5) (layer F.Fab)
      (effects (font (size 0.4 0.4) (thickness 0.06)))
    )
    (pad 1 smd roundrect (at -0.825 0 173.5) (size 0.8 0.95) (layers F.Cu F.Paste F.Mask) (roundrect_rratio 0.25)
      (net 1 +3V3))
    (pad 2 smd roundrect (at 0.825 0 173.5) (size 0.8 0.95) (layers F.Cu F.Paste F.Mask) (roundrect_rratio 0.25)
      (net 6 "Net-(D4-Pad2)"))
    (model ${KISYS3DMOD}/Resistor_SMD.3dshapes/R_0603_1608Metric.wrl
      (at (xyz 0 0 0))
      (scale (xyz 1 1 1))
      (rotate (xyz 0 0 0))
    )
  )

  (gr_circle (center -6.333333 -127.5) (end -5.133333 -127.5) (layer Edge.Cuts) (width 0.2))
  (gr_circle (center 6.333333 -127.5) (end 7.533333 -127.5) (layer Edge.Cuts) (width 0.2))
  (gr_arc (start 1.666666 -126.5) (end 1.666666 -125) (angle -90) (layer Edge.Cuts) (width 0.2))
  (gr_line (start 3.166666 -128.5) (end 3.166666 -126.5) (layer Edge.Cuts) (width 0.2))
  (gr_arc (start 1.666666 -128.5) (end 3.166666 -128.5) (angle -90) (layer Edge.Cuts) (width 0.2))
  (gr_line (start -1.666666 -130) (end 1.666666 -130) (layer Edge.Cuts) (width 0.2))
  (gr_arc (start -1.666666 -128.5) (end -1.666666 -130) (angle -90) (layer Edge.Cuts) (width 0.2))
  (gr_line (start -3.166666 -126.5) (end -3.166666 -128.5) (layer Edge.Cuts) (width 0.2))
  (gr_arc (start -1.666666 -126.5) (end -3.166666 -126.5) (angle -90) (layer Edge.Cuts) (width 0.2))
  (gr_line (start 1.666666 -125) (end -1.666666 -125) (layer Edge.Cuts) (width 0.2))
  (gr_line (start -9.5 -122.5) (end 9.499999 -122.5) (layer Edge.Cuts) (width 0.2))
  (gr_line (start -9.5 -133.584243) (end -9.5 -122.5) (layer Edge.Cuts) (width 0.2))
  (gr_arc (start -19.5 -133.584243) (end -9.5 -133.584243) (angle -98.30510953) (layer Edge.Cuts) (width 0.2))
  (gr_line (start -23.387096 -143.101515) (end -20.944444 -143.479372) (layer Edge.Cuts) (width 0.2))
  (gr_line (start -25 -152.970585) (end -23.387096 -143.101515) (layer Edge.Cuts) (width 0.2))
  (gr_arc (start 0 0) (end 24.999999 -152.970585) (angle -18.56359817) (layer Edge.Cuts) (width 0.2))
  (gr_line (start 23.387096 -143.101515) (end 24.999999 -152.970585) (layer Edge.Cuts) (width 0.2))
  (gr_line (start 20.944444 -143.479372) (end 23.387096 -143.101515) (layer Edge.Cuts) (width 0.2))
  (gr_arc (start 19.5 -133.584243) (end 20.944444 -143.479372) (angle -98.30510953) (layer Edge.Cuts) (width 0.2))
  (gr_line (start 9.499999 -122.5) (end 9.499999 -133.584243) (layer Edge.Cuts) (width 0.2))

  (segment (start 17.819533 -150.952443) (end 17.819697 -150.952607) (width 0.25) (layer F.Cu) (net 1) (status 30))
  (segment (start 17.819533 -148.939177) (end 17.819533 -150.952443) (width 0.25) (layer F.Cu) (net 1) (status 30))
  (segment (start 1.17508 -151.998519) (end 1.17508 -149.998519) (width 0.25) (layer F.Cu) (net 1) (status 30))
  (segment (start -1.17508 -149.997097) (end -1.175062 -149.997079) (width 0.25) (layer F.Cu) (net 1) (status 30))
  (segment (start -1.17508 -151.975481) (end -1.17508 -149.997097) (width 0.25) (layer F.Cu) (net 1) (status 30))
  (segment (start -17.819859 -148.940769) (end -17.819697 -148.940607) (width 0.25) (layer F.Cu) (net 1) (status 30))
  (segment (start -17.819859 -150.954038) (end -17.819859 -148.940769) (width 0.25) (layer F.Cu) (net 1) (status 30))
